# Migration is number of nodes that have changed color.

Round		Edge-Cut		Swaps		Migrations		Skipped
0		8146		4004		3103
1		6844		7063		3179
2		5849		9399		3211
3		5098		11357		3304
4		4504		12872		3305
5		4160		14112		3298
6		3808		15095		3337
7		3592		15977		3324
8		3352		16763		3327
9		3170		17397		3328
10		3067		17968		3337
11		2964		18514		3342
12		2842		18978		3327
13		2745		19362		3338
14		2683		19734		3324
15		2606		20087		3326
16		2542		20419		3331
17		2482		20732		3324
18		2444		20965		3339
19		2391		21172		3319
20		2369		21346		3316
21		2336		21542		3326
22		2324		21743		3329
23		2280		21930		3334
24		2266		22119		3325
25		2255		22268		3310
26		2245		22419		3314
27		2208		22580		3320
28		2175		22723		3320
29		2179		22849		3327
30		2164		23008		3334
31		2154		23116		3332
32		2130		23233		3332
33		2124		23349		3338
34		2102		23482		3334
35		2078		23581		3342
36		2062		23665		3345
37		2054		23726		3343
38		2041		23816		3351
39		2041		23891		3346
40		2021		23976		3344
41		2007		24046		3343
42		1995		24103		3346
43		1996		24150		3354
44		1982		24194		3351
45		1982		24255		3350
46		1986		24307		3348
47		1985		24364		3355
48		1977		24434		3355
49		1964		24489		3350
50		1956		24553		3354
51		1965		24623		3363
52		1965		24684		3361
53		1950		24747		3359
54		1942		24798		3354
55		1941		24865		3367
56		1938		24942		3363
57		1927		25012		3361
58		1911		25081		3362
59		1905		25140		3357
60		1905		25197		3362
61		1894		25257		3361
62		1882		25305		3359
63		1889		25355		3366
64		1881		25394		3370
65		1868		25464		3370
66		1872		25521		3370
67		1857		25568		3368
68		1847		25600		3376
69		1842		25639		3374
70		1847		25691		3370
71		1844		25743		3373
72		1841		25791		3372
73		1842		25856		3370
74		1834		25898		3369
75		1812		25951		3368
76		1802		25997		3366
77		1801		26034		3375
78		1799		26077		3378
79		1794		26102		3375
80		1791		26142		3372
81		1788		26170		3379
82		1783		26204		3378
83		1786		26232		3377
84		1791		26272		3375
85		1798		26310		3377
86		1778		26360		3375
87		1769		26386		3381
88		1767		26422		3383
89		1762		26441		3380
90		1762		26463		3384
91		1758		26485		3384
92		1754		26512		3384
93		1759		26532		3386
94		1757		26548		3388
95		1754		26560		3389
96		1750		26574		3384
97		1747		26592		3387
98		1748		26598		3389
99		1748		26604		3386
100		1746		26614		3386
101		1747		26622		3386
102		1747		26634		3385
103		1748		26648		3385
104		1741		26664		3387
105		1738		26673		3386
106		1735		26684		3386
107		1735		26694		3386
108		1737		26700		3386
109		1741		26704		3388
110		1745		26730		3389
111		1743		26748		3385
112		1738		26765		3389
113		1738		26783		3381
114		1736		26802		3382
115		1741		26833		3385
116		1738		26851		3386
117		1737		26880		3385
118		1736		26912		3388
119		1742		26953		3393
120		1739		27001		3396
121		1729		27049		3387
122		1727		27081		3384
123		1721		27113		3386
124		1714		27141		3387
125		1707		27169		3386
126		1710		27197		3384
127		1722		27247		3380
128		1721		27282		3377
129		1722		27329		3373
130		1716		27377		3384
131		1723		27435		3382
132		1708		27477		3385
133		1703		27499		3387
134		1696		27542		3389
135		1698		27583		3380
136		1697		27611		3383
137		1689		27642		3390
138		1685		27668		3385
139		1684		27694		3384
140		1694		27735		3385
141		1694		27770		3388
142		1686		27798		3386
143		1675		27820		3387
144		1678		27859		3386
145		1677		27879		3387
146		1671		27897		3389
147		1662		27913		3389
148		1655		27922		3389
149		1651		27937		3390
150		1652		27953		3389
151		1652		27955		3389
152		1653		27962		3386
153		1651		27967		3385
154		1649		27979		3389
155		1646		27984		3387
156		1646		27989		3386
157		1647		27993		3388
158		1646		28001		3389
159		1651		28009		3390
160		1653		28021		3388
161		1647		28037		3385
162		1658		28059		3390
163		1658		28080		3389
164		1653		28100		3391
165		1649		28122		3387
166		1647		28139		3389
167		1644		28153		3390
168		1645		28160		3388
169		1644		28180		3392
170		1646		28192		3391
171		1636		28205		3391
172		1636		28215		3392
173		1634		28222		3392
174		1636		28230		3395
175		1636		28242		3391
176		1649		28262		3393
177		1650		28298		3391
178		1647		28317		3394
179		1646		28334		3394
180		1644		28350		3392
181		1643		28359		3391
182		1643		28370		3392
183		1641		28388		3394
184		1648		28410		3395
185		1649		28455		3391
186		1652		28479		3394
187		1651		28520		3393
188		1658		28564		3385
189		1652		28605		3390
190		1652		28627		3387
191		1642		28656		3385
192		1636		28670		3386
193		1639		28688		3390
194		1636		28711		3390
195		1636		28725		3385
196		1638		28742		3389
197		1636		28769		3394
198		1633		28791		3392
199		1642		28828		3392
200		1637		28857		3387
201		1641		28883		3388
202		1646		28906		3389
203		1647		28930		3382
204		1638		28961		3382
205		1637		28985		3386
206		1630		29007		3386
207		1627		29024		3383
208		1627		29049		3386
209		1621		29077		3382
210		1622		29088		3385
211		1616		29097		3387
212		1618		29122		3383
213		1615		29136		3382
214		1613		29152		3383
215		1613		29172		3384
216		1618		29184		3381
217		1614		29198		3380
218		1618		29212		3380
219		1613		29230		3385
220		1615		29243		3383
221		1611		29262		3382
222		1618		29292		3382
223		1607		29324		3385
224		1604		29346		3389
225		1605		29370		3391
226		1606		29399		3388
227		1605		29423		3385
228		1601		29455		3389
229		1597		29470		3386
230		1598		29494		3387
231		1605		29517		3386
232		1612		29550		3388
233		1608		29587		3385
234		1608		29624		3387
235		1607		29645		3383
236		1604		29689		3386
237		1604		29735		3384
238		1597		29767		3388
239		1591		29798		3389
240		1590		29832		3387
241		1577		29870		3387
242		1581		29888		3389
243		1584		29908		3386
244		1582		29937		3384
245		1581		29963		3384
246		1566		29984		3388
247		1560		30006		3382
248		1562		30024		3380
249		1558		30041		3382
250		1557		30053		3385
251		1564		30074		3385
252		1564		30093		3381
253		1565		30108		3383
254		1563		30123		3375
255		1575		30145		3384
256		1571		30175		3382
257		1575		30204		3385
258		1568		30231		3386
259		1561		30258		3387
260		1551		30278		3385
261		1553		30296		3383
262		1553		30311		3380
263		1550		30333		3387
264		1542		30357		3386
265		1540		30377		3386
266		1544		30420		3389
267		1543		30452		3392
268		1542		30487		3384
269		1548		30529		3382
270		1551		30564		3384
271		1547		30612		3389
272		1539		30665		3380
273		1531		30696		3390
274		1537		30732		3390
275		1533		30766		3389
276		1530		30800		3386
277		1522		30834		3391
278		1517		30855		3388
279		1526		30885		3390
280		1513		30907		3381
281		1514		30932		3386
282		1519		30946		3389
283		1512		30973		3384
284		1504		31010		3390
285		1497		31047		3392
286		1495		31072		3395
287		1496		31086		3394
288		1486		31118		3395
289		1484		31140		3393
290		1475		31158		3398
291		1479		31177		3395
292		1481		31195		3392
293		1478		31215		3395
294		1475		31235		3400
295		1475		31252		3400
296		1472		31266		3399
297		1479		31299		3398
298		1478		31324		3394
299		1473		31347		3399
300		1468		31370		3398
301		1467		31387		3398
302		1472		31400		3398
303		1469		31424		3400
304		1464		31447		3401
305		1455		31456		3402
306		1456		31466		3404
307		1454		31473		3403
308		1454		31484		3402
309		1454		31494		3403
310		1451		31500		3403
311		1449		31509		3398
312		1449		31510		3399
313		1447		31514		3402
314		1450		31517		3400
315		1450		31523		3402
316		1452		31530		3401
317		1456		31540		3400
318		1458		31558		3399
319		1457		31586		3401
320		1455		31594		3402
321		1448		31600		3402
322		1445		31604		3402
323		1446		31612		3402
324		1446		31616		3406
325		1446		31620		3405
326		1450		31628		3406
327		1449		31631		3404
328		1450		31639		3405
329		1449		31651		3403
330		1445		31660		3404
331		1447		31669		3403
332		1443		31673		3402
333		1443		31675		3404
334		1443		31676		3403
335		1441		31677		3403
336		1441		31679		3403
337		1441		31679		3403
338		1442		31683		3403
339		1444		31684		3404
340		1446		31688		3404
341		1446		31689		3404
342		1446		31690		3405
343		1443		31693		3404
344		1441		31694		3403
345		1446		31698		3401
346		1447		31707		3402
347		1451		31716		3403
348		1449		31721		3403
349		1446		31729		3403
350		1443		31739		3405
351		1441		31744		3404
352		1443		31746		3402
353		1446		31763		3402
354		1444		31772		3401
355		1449		31779		3403
356		1450		31781		3402
357		1452		31787		3403
358		1453		31800		3403
359		1447		31809		3403
360		1443		31825		3408
361		1445		31832		3408
362		1446		31834		3407
363		1444		31847		3407
364		1449		31862		3407
365		1449		31871		3404
366		1442		31883		3408
367		1440		31892		3411
368		1440		31899		3405
369		1441		31906		3407
370		1436		31911		3406
371		1436		31916		3406
372		1437		31924		3407
373		1440		31936		3407
374		1448		31949		3406
375		1444		31961		3405
376		1440		31971		3408
377		1440		31980		3410
378		1436		31992		3410
379		1431		31995		3409
380		1433		31997		3409
381		1433		32002		3406
382		1434		32007		3405
383		1433		32017		3406
384		1432		32019		3407
385		1436		32027		3410
386		1437		32033		3409
387		1438		32043		3408
388		1432		32050		3413
389		1430		32051		3414
390		1430		32054		3412
391		1434		32068		3415
392		1433		32071		3414
393		1433		32077		3415
394		1435		32082		3414
395		1432		32091		3417
396		1437		32104		3416
397		1436		32123		3418
398		1430		32144		3420
399		1427		32153		3423
400		1425		32157		3422
401		1428		32161		3422
402		1432		32176		3421
403		1434		32190		3421
404		1432		32205		3424
405		1435		32226		3425
406		1433		32229		3426
407		1433		32234		3425
408		1435		32244		3425
409		1437		32257		3423
410		1435		32281		3420
411		1432		32296		3422
412		1430		32311		3421
413		1427		32323		3416
414		1428		32335		3420
415		1430		32344		3419
416		1435		32360		3416
417		1433		32368		3417
418		1431		32377		3420
419		1424		32386		3417
420		1419		32392		3415
421		1418		32399		3416
422		1419		32400		3415
423		1423		32404		3413
424		1422		32411		3411
425		1420		32420		3412
426		1423		32422		3411
427		1424		32432		3410
428		1426		32441		3412
429		1426		32445		3411
430		1428		32457		3412
431		1424		32471		3412
432		1422		32478		3407
433		1419		32482		3410
434		1421		32491		3412
435		1423		32496		3412
436		1419		32505		3411
437		1423		32513		3411
438		1419		32516		3412
439		1421		32520		3411
440		1419		32523		3410
441		1419		32526		3410
442		1420		32529		3412
443		1421		32533		3410
444		1424		32542		3408
445		1429		32549		3408
446		1423		32558		3412
447		1424		32563		3414
448		1427		32583		3409
449		1425		32589		3411
450		1427		32604		3413
451		1417		32624		3413
452		1424		32631		3416
453		1422		32636		3418
454		1419		32643		3414
455		1417		32644		3413
456		1420		32646		3412
457		1421		32651		3413
458		1429		32663		3412
459		1425		32668		3414
460		1421		32674		3413
461		1424		32679		3411
462		1423		32680		3412
463		1426		32688		3411
464		1424		32692		3411
465		1422		32705		3416
466		1423		32714		3417
467		1420		32721		3415
468		1427		32729		3413
469		1432		32749		3418
470		1428		32769		3416
471		1432		32788		3418
472		1429		32807		3415
473		1429		32818		3416
474		1430		32834		3415
475		1431		32847		3422
476		1432		32859		3420
477		1428		32872		3419
478		1427		32886		3421
479		1431		32897		3419
480		1432		32915		3417
481		1431		32934		3416
482		1436		32958		3417
483		1425		32974		3415
484		1427		32990		3413
485		1423		33006		3413
486		1426		33014		3413
487		1428		33037		3409
488		1431		33057		3417
489		1439		33080		3418
490		1436		33112		3422
491		1429		33139		3423
492		1427		33159		3419
493		1423		33180		3420
494		1417		33195		3420
495		1422		33203		3424
496		1419		33219		3425
497		1414		33224		3425
498		1417		33228		3425
499		1422		33237		3426
500		1419		33249		3424
501		1421		33260		3428
502		1428		33288		3431
503		1425		33307		3427
504		1420		33321		3426
505		1427		33339		3431
506		1419		33356		3431
507		1414		33369		3433
508		1410		33384		3430
509		1413		33395		3429
510		1407		33400		3432
511		1409		33406		3434
512		1406		33409		3433
513		1405		33410		3433
514		1403		33411		3432
515		1406		33413		3432
516		1409		33418		3430
517		1414		33431		3432
518		1411		33438		3430
519		1409		33443		3432
520		1415		33453		3431
521		1418		33471		3434
522		1421		33486		3429
523		1420		33493		3427
524		1410		33502		3426
525		1404		33509		3429
526		1413		33517		3427
527		1410		33533		3427
528		1409		33559		3428
529		1405		33565		3427
530		1407		33568		3426
531		1406		33571		3427
532		1410		33574		3425
533		1409		33579		3424
534		1407		33585		3426
535		1411		33591		3429
536		1419		33608		3431
537		1422		33621		3431
538		1411		33644		3430
539		1409		33651		3428
540		1408		33658		3428
541		1408		33663		3428
542		1408		33667		3428
543		1419		33680		3428
544		1421		33703		3426
545		1421		33725		3426
546		1421		33749		3426
547		1420		33765		3426
548		1424		33784		3428
549		1425		33801		3433
550		1418		33828		3433
551		1417		33855		3432
552		1413		33870		3433
553		1413		33888		3434
554		1415		33904		3436
555		1412		33915		3435
556		1416		33925		3434
557		1416		33927		3433
558		1413		33948		3429
559		1413		33962		3433
560		1417		33981		3435
561		1416		34006		3433
562		1411		34027		3431
563		1413		34041		3431
564		1411		34061		3433
565		1410		34075		3432
566		1411		34091		3431
567		1403		34105		3435
568		1398		34123		3433
569		1399		34137		3431
570		1410		34156		3431
571		1412		34185		3437
572		1402		34210		3431
573		1394		34228		3431
574		1395		34244		3434
575		1398		34261		3436
576		1401		34278		3434
577		1401		34298		3434
578		1399		34313		3433
579		1405		34334		3432
580		1389		34350		3432
581		1382		34367		3437
582		1380		34376		3433
583		1379		34390		3432
584		1385		34407		3433
585		1385		34423		3437
586		1382		34439		3438
587		1386		34454		3434
588		1385		34473		3438
589		1384		34492		3438
590		1388		34537		3436
591		1391		34554		3433
592		1389		34579		3435
593		1398		34610		3438
594		1392		34632		3437
595		1389		34653		3436
596		1386		34675		3437
597		1383		34694		3436
598		1380		34706		3435
599		1378		34714		3433
600		1382		34730		3433
601		1377		34745		3433
602		1380		34764		3431
603		1376		34775		3434
604		1383		34794		3428
605		1383		34828		3438
606		1380		34858		3439
607		1376		34896		3433
608		1371		34922		3436
609		1377		34953		3437
610		1375		34984		3428
611		1365		35010		3434
612		1355		35049		3433
613		1353		35061		3436
614		1347		35069		3438
615		1348		35088		3436
616		1348		35114		3439
617		1345		35131		3440
618		1343		35141		3439
619		1341		35151		3437
620		1342		35164		3439
621		1345		35194		3439
622		1342		35211		3444
623		1343		35229		3441
624		1352		35250		3443
625		1344		35265		3440
626		1339		35282		3440
627		1340		35295		3439
628		1335		35308		3439
629		1330		35318		3439
630		1331		35326		3438
631		1331		35338		3438
632		1330		35348		3437
633		1332		35354		3437
634		1333		35367		3436
635		1331		35381		3436
636		1327		35389		3436
637		1327		35398		3438
638		1331		35407		3438
639		1331		35425		3437
640		1327		35432		3438
641		1330		35439		3437
642		1330		35448		3435
643		1328		35456		3438
644		1335		35473		3437
645		1336		35490		3435
646		1331		35504		3438
647		1324		35517		3439
648		1325		35524		3439
649		1325		35531		3439
650		1323		35541		3442
651		1321		35549		3442
652		1321		35554		3443
653		1316		35560		3442
654		1316		35564		3441
655		1314		35566		3441
656		1315		35574		3441
657		1317		35582		3442
658		1316		35588		3443
659		1319		35595		3442
660		1314		35603		3443
661		1318		35609		3441
662		1315		35612		3442
663		1310		35615		3443
664		1311		35616		3442
665		1312		35619		3442
666		1312		35622		3443
667		1313		35629		3443
668		1311		35630		3444
669		1309		35631		3446
670		1309		35631		3446
671		1310		35632		3445
672		1313		35637		3446
673		1315		35641		3446
674		1318		35645		3447
675		1315		35649		3446
676		1313		35657		3444
677		1312		35661		3443
678		1308		35672		3442
679		1311		35674		3442
680		1308		35679		3443
681		1310		35686		3442
682		1311		35688		3440
683		1314		35698		3442
684		1317		35709		3440
685		1317		35715		3441
686		1313		35721		3443
687		1315		35725		3442
688		1318		35735		3446
689		1317		35743		3445
690		1321		35756		3443
691		1313		35766		3446
692		1312		35774		3442
693		1313		35778		3444
694		1317		35791		3443
695		1316		35800		3443
696		1317		35809		3443
697		1313		35824		3444
698		1319		35830		3445
699		1319		35834		3443
700		1318		35849		3441
701		1317		35856		3442
702		1322		35866		3443
703		1318		35874		3441
704		1316		35883		3439
705		1315		35891		3439
706		1314		35899		3438
707		1309		35903		3440
708		1310		35904		3440
709		1310		35905		3440
710		1308		35908		3439
711		1309		35913		3441
712		1309		35920		3442
713		1317		35928		3442
714		1310		35938		3443
715		1309		35949		3444
716		1308		35962		3446
717		1307		35971		3447
718		1308		35982		3443
719		1308		35994		3444
720		1313		36002		3447
721		1308		36012		3444
722		1304		36022		3443
723		1304		36031		3443
724		1300		36037		3442
725		1301		36045		3441
726		1303		36052		3444
727		1303		36060		3443
728		1306		36066		3448
729		1304		36073		3445
730		1303		36082		3444
731		1300		36086		3445
732		1300		36093		3444
733		1298		36101		3443
734		1296		36104		3441
735		1299		36108		3443
736		1303		36116		3441
737		1301		36123		3441
738		1298		36129		3443
739		1302		36132		3442
740		1304		36147		3443
741		1303		36154		3443
742		1297		36166		3443
743		1303		36177		3446
744		1300		36195		3442
745		1303		36211		3443
746		1304		36226		3439
747		1304		36242		3440
748		1304		36260		3439
749		1300		36279		3444
750		1301		36318		3442
751		1297		36339		3439
752		1299		36355		3445
753		1293		36373		3441
754		1293		36384		3441
755		1297		36405		3445
756		1300		36417		3446
757		1299		36434		3450
758		1290		36458		3448
759		1287		36475		3449
760		1294		36492		3449
761		1297		36510		3448
762		1293		36529		3444
763		1287		36545		3447
764		1288		36564		3446
765		1282		36577		3450
766		1289		36598		3448
767		1286		36627		3450
768		1289		36643		3448
769		1294		36670		3447
770		1286		36692		3445
771		1281		36707		3447
772		1286		36720		3442
773		1281		36735		3445
774		1285		36745		3442
775		1285		36750		3439
776		1278		36755		3444
777		1281		36759		3440
778		1276		36764		3444
779		1274		36772		3443
780		1279		36776		3443
781		1282		36788		3443
782		1285		36793		3443
783		1287		36797		3443
784		1284		36810		3443
785		1284		36815		3443
786		1280		36825		3442
787		1275		36837		3443
788		1275		36843		3443
789		1274		36851		3443
790		1283		36865		3442
791		1269		36875		3441
792		1272		36890		3442
793		1276		36899		3440
794		1275		36907		3441
795		1275		36919		3438
796		1271		36925		3442
797		1270		36933		3443
798		1271		36937		3440
799		1280		36948		3440
800		1276		36957		3441
801		1282		36967		3442
802		1275		36981		3439
803		1271		36996		3442
804		1269		37006		3440
805		1272		37012		3440
806		1275		37024		3442
807		1275		37031		3441
808		1279		37049		3441
809		1276		37059		3442
810		1276		37070		3437
811		1279		37085		3442
812		1278		37097		3445
813		1270		37108		3442
814		1271		37124		3444
815		1278		37143		3446
816		1282		37150		3441
817		1280		37164		3440
818		1280		37192		3442
819		1280		37216		3443
820		1279		37251		3441
821		1275		37270		3444
822		1279		37295		3444
823		1280		37330		3443
824		1275		37349		3439
825		1273		37379		3443
826		1274		37408		3442
827		1270		37425		3441
828		1271		37450		3437
829		1266		37473		3443
830		1259		37483		3445
831		1257		37495		3443
832		1257		37503		3444
833		1260		37512		3444
834		1261		37522		3448
835		1261		37534		3448
836		1254		37549		3444
837		1252		37567		3447
838		1260		37587		3445
839		1258		37602		3449
840		1258		37618		3444
841		1257		37637		3441
842		1255		37649		3443
843		1253		37669		3445
844		1253		37686		3449
845		1249		37697		3448
846		1247		37711		3449
847		1249		37720		3448
848		1245		37742		3447
849		1248		37748		3449
850		1244		37754		3446
851		1246		37766		3450
852		1243		37776		3447
853		1248		37786		3447
854		1250		37799		3446
855		1251		37811		3442
856		1257		37829		3444
857		1263		37848		3445
858		1254		37874		3447
859		1252		37889		3446
860		1255		37913		3446
861		1252		37932		3441
862		1252		37952		3444
863		1262		37982		3446
864		1252		38002		3442
865		1254		38019		3445
866		1256		38041		3445
867		1256		38049		3444
868		1263		38067		3449
869		1262		38099		3447
870		1252		38121		3452
871		1259		38139		3450
872		1248		38164		3447
873		1245		38182		3445
874		1249		38197		3450
875		1245		38222		3457
876		1239		38237		3453
877		1237		38271		3450
878		1237		38292		3454
879		1238		38312		3453
880		1236		38342		3453
881		1241		38358		3452
882		1251		38390		3457
883		1245		38438		3457
884		1244		38466		3454
885		1229		38496		3458
886		1237		38532		3456
887		1238		38567		3457
888		1238		38600		3461
889		1228		38626		3457
890		1229		38653		3458
891		1228		38659		3459
892		1217		38672		3458
893		1214		38691		3455
894		1214		38703		3457
895		1214		38718		3459
896		1216		38725		3458
897		1217		38734		3457
898		1215		38744		3458
899		1214		38755		3459
900		1215		38766		3462
901		1221		38786		3460
902		1221		38797		3455
903		1214		38810		3453
904		1212		38826		3458
905		1210		38834		3458
906		1210		38845		3460
907		1213		38856		3461
908		1207		38872		3456
909		1210		38882		3460
910		1209		38891		3459
911		1206		38897		3458
912		1208		38908		3460
913		1208		38913		3458
914		1209		38922		3454
915		1210		38941		3455
916		1205		38955		3456
917		1205		38960		3457
918		1207		38969		3455
919		1214		38977		3454
920		1207		38988		3455
921		1202		38994		3456
922		1202		38997		3455
923		1201		39002		3456
924		1200		39003		3455
925		1200		39006		3454
926		1203		39009		3454
927		1204		39014		3456
928		1201		39021		3454
929		1204		39023		3454
930		1205		39029		3454
931		1201		39036		3453
932		1201		39039		3454
933		1201		39042		3453
934		1203		39045		3452
935		1204		39059		3453
936		1205		39063		3453
937		1203		39073		3451
938		1197		39081		3452
939		1197		39081		3452
940		1197		39083		3453
941		1197		39083		3453
942		1197		39083		3453
943		1197		39083		3453
944		1197		39083		3453
945		1198		39087		3452
946		1202		39090		3452
947		1201		39099		3454
948		1200		39102		3455
949		1202		39111		3455
950		1202		39115		3456
951		1206		39127		3458
952		1200		39136		3456
953		1202		39142		3453
954		1201		39150		3453
955		1200		39167		3452
956		1198		39174		3454
957		1194		39178		3453
958		1194		39182		3453
959		1194		39183		3454
960		1194		39187		3454
961		1197		39192		3455
962		1199		39197		3453
963		1200		39201		3451
964		1203		39211		3452
965		1202		39216		3453
966		1202		39221		3453
967		1202		39229		3453
968		1198		39232		3454
969		1199		39235		3454
970		1198		39236		3454
971		1198		39240		3453
972		1201		39246		3454
973		1202		39253		3454
974		1198		39259		3453
975		1202		39267		3452
976		1200		39272		3451
977		1199		39280		3452
978		1198		39284		3455
979		1198		39287		3454
980		1201		39291		3456
981		1199		39297		3454
982		1199		39297		3454
983		1198		39305		3456
984		1201		39316		3452
985		1199		39324		3455
986		1195		39330		3455
987		1198		39335		3454
988		1198		39339		3454
989		1195		39342		3455
990		1194		39344		3455
991		1194		39345		3455
992		1194		39346		3455
993		1193		39350		3454
994		1197		39356		3455
995		1200		39361		3454
996		1204		39369		3455
997		1201		39380		3454
998		1203		39391		3457
999		1204		39400		3455
