# Migration is number of nodes that have changed color.

Round		Edge-Cut		Swaps		Migrations		Skipped
0		3850		2333		1219
1		3445		4343		1495
2		3185		6194		1638
3		3030		7891		1730
4		2986		9546		1771
5		2927		11141		1810
6		2896		12701		1825
7		2890		14216		1809
8		2891		15737		1802
9		2849		17223		1789
10		2829		18726		1798
11		2795		20230		1772
12		2763		21664		1770
13		2743		23081		1795
14		2771		24514		1798
15		2772		25981		1774
16		2725		27418		1811
17		2711		28804		1814
18		2738		30199		1784
19		2708		31595		1814
20		2711		32997		1783
21		2712		34399		1793
22		2689		35795		1782
23		2710		37200		1769
24		2727		38608		1771
25		2702		39986		1798
26		2719		41401		1780
27		2696		42817		1795
28		2710		44233		1790
29		2714		45645		1803
30		2698		47031		1784
31		2675		48395		1771
32		2673		49758		1798
33		2724		51132		1797
34		2710		52525		1808
35		2707		53928		1776
36		2678		55315		1819
37		2671		56691		1827
38		2624		58021		1789
39		2626		59353		1766
40		2619		60663		1761
41		2661		62003		1785
42		2643		63355		1812
43		2664		64684		1802
44		2631		66035		1808
45		2665		67380		1820
46		2654		68742		1816
47		2666		70087		1796
48		2640		71412		1785
49		2663		72742		1824
50		2644		74085		1820
51		2634		75432		1790
52		2661		76768		1777
53		2633		78099		1804
54		2655		79432		1795
55		2660		80748		1786
56		2658		82084		1801
57		2654		83409		1809
58		2664		84765		1840
59		2665		86095		1825
60		2676		87449		1796
61		2650		88806		1759
62		2688		90150		1787
63		2663		91506		1789
64		2663		92869		1800
65		2674		94225		1784
66		2653		95587		1808
67		2673		96983		1820
68		2655		98349		1830
69		2634		99692		1810
70		2610		101002		1803
71		2645		102324		1786
72		2632		103640		1754
73		2646		104968		1793
74		2652		106324		1789
75		2616		107650		1805
76		2617		108962		1785
77		2636		110285		1817
78		2641		111610		1825
79		2634		112940		1821
80		2646		114284		1788
81		2639		115608		1795
82		2616		116963		1805
83		2611		118300		1814
84		2606		119597		1795
85		2593		120897		1781
86		2599		122193		1777
87		2571		123491		1765
88		2584		124839		1785
89		2542		126116		1801
90		2567		127342		1809
91		2574		128619		1793
92		2548		129910		1786
93		2556		131188		1765
94		2571		132449		1782
95		2589		133732		1818
96		2569		135037		1822
97		2570		136322		1814
98		2608		137620		1799
99		2585		138934		1824
100		2576		140208		1830
101		2601		141496		1805
102		2607		142799		1797
103		2583		144106		1790
104		2570		145375		1804
105		2586		146673		1796
106		2596		148001		1812
107		2617		149325		1845
108		2617		150659		1824
109		2554		151990		1826
110		2582		153300		1813
111		2586		154588		1815
112		2589		155868		1790
113		2599		157195		1822
114		2578		158479		1819
115		2575		159775		1809
116		2587		161073		1799
117		2566		162361		1823
118		2579		163654		1806
119		2604		164955		1802
120		2625		166288		1803
121		2606		167617		1767
122		2587		168928		1803
123		2594		170255		1807
124		2611		171581		1819
125		2625		172914		1807
126		2588		174225		1800
127		2572		175556		1775
128		2614		176876		1796
129		2613		178175		1815
130		2565		179498		1795
131		2594		180789		1809
132		2579		182077		1830
133		2600		183390		1806
134		2605		184704		1808
135		2582		185991		1817
136		2568		187277		1812
137		2570		188569		1804
138		2619		189873		1802
139		2611		191196		1830
140		2617		192535		1809
141		2607		193843		1821
142		2578		195109		1785
143		2573		196397		1794
144		2551		197690		1806
145		2562		198943		1784
146		2562		200228		1807
147		2570		201515		1828
148		2596		202799		1807
149		2560		204102		1796
150		2544		205366		1781
151		2586		206673		1800
152		2587		207960		1817
153		2570		209258		1827
154		2589		210561		1843
155		2617		211908		1826
156		2613		213258		1800
157		2594		214587		1804
158		2571		215881		1808
159		2567		217185		1799
160		2586		218478		1828
161		2567		219792		1800
162		2559		221102		1810
163		2584		222405		1783
164		2573		223681		1786
165		2564		224966		1786
166		2551		226237		1787
167		2606		227538		1797
168		2590		228822		1797
169		2572		230125		1789
170		2596		231405		1797
171		2589		232699		1790
172		2588		234014		1811
173		2596		235293		1827
174		2585		236607		1830
175		2578		237895		1817
176		2592		239200		1822
177		2605		240509		1839
178		2577		241828		1797
179		2594		243172		1790
180		2564		244467		1791
181		2548		245731		1801
182		2583		247057		1802
183		2586		248372		1795
184		2584		249660		1813
185		2611		250984		1855
186		2592		252285		1822
187		2621		253622		1816
188		2584		254935		1795
189		2596		256260		1791
190		2603		257580		1823
191		2593		258896		1807
192		2595		260194		1789
193		2586		261515		1816
194		2592		262811		1807
195		2572		264119		1802
196		2596		265425		1829
197		2623		266753		1836
198		2597		268059		1822
199		2595		269351		1821
200		2588		270682		1815
201		2600		272014		1813
202		2582		273346		1802
203		2576		274629		1802
204		2600		275962		1816
205		2575		277252		1811
206		2586		278569		1801
207		2560		279862		1789
208		2541		281125		1819
209		2559		282378		1803
210		2570		283686		1790
211		2567		284995		1804
212		2582		286297		1796
213		2589		287598		1804
214		2547		288887		1820
215		2539		290175		1818
216		2551		291424		1816
217		2533		292692		1790
218		2557		293982		1792
219		2584		295281		1806
220		2614		296601		1808
221		2606		297917		1814
222		2582		299217		1833
223		2611		300507		1824
224		2569		301791		1815
225		2593		303107		1789
226		2586		304413		1820
227		2571		305715		1808
228		2563		306994		1805
229		2575		308280		1803
230		2612		309621		1794
231		2587		310924		1810
232		2579		312222		1809
233		2576		313553		1803
234		2587		314855		1820
235		2613		316172		1798
236		2572		317507		1806
237		2573		318784		1837
238		2578		320074		1821
239		2571		321349		1771
240		2572		322618		1780
241		2628		323945		1783
242		2614		325293		1794
243		2589		326598		1794
244		2563		327876		1785
245		2561		329154		1787
246		2568		330426		1817
247		2573		331719		1791
248		2586		332993		1780
249		2561		334307		1779
250		2555		335560		1784
251		2558		336804		1796
252		2571		338072		1797
253		2557		339312		1799
254		2572		340576		1774
255		2579		341866		1795
256		2558		343148		1784
257		2560		344411		1781
258		2600		345689		1781
259		2578		346984		1806
260		2568		348260		1786
261		2585		349537		1800
262		2590		350827		1817
263		2580		352120		1827
264		2563		353399		1818
265		2546		354680		1809
266		2556		355958		1827
267		2551		357242		1818
268		2523		358509		1808
269		2544		359776		1804
270		2534		361044		1764
271		2537		362301		1784
272		2545		363558		1772
273		2538		364819		1784
274		2535		366063		1802
275		2534		367306		1824
276		2550		368571		1813
277		2539		369835		1825
278		2568		371117		1810
279		2558		372399		1795
280		2550		373663		1839
281		2567		374920		1840
282		2548		376223		1856
283		2521		377440		1847
284		2517		378694		1833
285		2534		379945		1803
286		2518		381204		1783
287		2521		382439		1792
288		2496		383669		1780
289		2505		384899		1827
290		2548		386146		1796
291		2538		387409		1798
292		2551		388634		1800
293		2551		389924		1826
294		2576		391233		1806
295		2564		392509		1806
296		2568		393818		1821
297		2542		395078		1838
298		2550		396355		1806
299		2540		397605		1822
300		2559		398847		1825
301		2580		400133		1834
302		2583		401431		1843
303		2551		402718		1820
304		2552		404002		1833
305		2556		405286		1818
306		2545		406542		1812
307		2512		407810		1812
308		2569		409097		1823
309		2553		410377		1826
310		2522		411635		1818
311		2560		412909		1804
312		2584		414200		1793
313		2547		415487		1804
314		2533		416749		1810
315		2534		417964		1795
316		2546		419222		1835
317		2572		420494		1847
318		2562		421789		1847
319		2556		423055		1808
320		2556		424372		1813
321		2594		425668		1808
322		2571		426971		1823
323		2589		428299		1832
324		2589		429612		1828
325		2615		430955		1792
326		2600		432284		1812
327		2579		433597		1804
328		2563		434897		1796
329		2565		436181		1815
330		2527		437441		1825
331		2517		438706		1845
332		2526		439966		1849
333		2549		441247		1829
334		2558		442535		1815
335		2549		443788		1815
336		2599		445106		1814
337		2567		446418		1820
338		2561		447689		1811
339		2538		448963		1828
340		2538		450220		1799
341		2553		451499		1813
342		2531		452792		1782
343		2589		454101		1796
344		2572		455385		1824
345		2553		456642		1820
346		2552		457912		1838
347		2560		459191		1806
348		2540		460491		1827
349		2524		461783		1820
350		2547		463040		1775
351		2515		464293		1801
352		2576		465558		1790
353		2574		466880		1784
354		2514		468137		1803
355		2540		469400		1813
356		2536		470682		1821
357		2561		471971		1813
358		2560		473241		1813
359		2541		474515		1796
360		2503		475740		1810
361		2508		476988		1806
362		2544		478255		1786
363		2531		479522		1817
364		2514		480767		1811
365		2545		482075		1818
366		2526		483336		1805
367		2521		484583		1784
368		2554		485849		1809
369		2533		487112		1822
370		2547		488365		1826
371		2551		489668		1825
372		2559		490946		1810
373		2543		492197		1810
374		2525		493460		1804
375		2549		494750		1790
376		2512		495994		1806
377		2524		497299		1812
378		2536		498556		1851
379		2525		499807		1822
380		2486		501041		1824
381		2505		502260		1809
382		2519		503506		1809
383		2504		504748		1815
384		2546		505993		1796
385		2548		507265		1805
386		2559		508562		1845
387		2537		509843		1843
388		2566		511132		1829
389		2538		512445		1830
390		2555		513726		1821
391		2560		515035		1799
392		2566		516343		1827
393		2590		517672		1816
394		2568		518988		1821
395		2575		520307		1805
396		2567		521597		1790
397		2578		522900		1786
398		2559		524212		1806
399		2588		525513		1813
400		2533		526794		1809
401		2526		528059		1794
402		2532		529324		1773
403		2557		530590		1780
404		2529		531881		1793
405		2562		533190		1815
406		2556		534505		1808
407		2544		535766		1808
408		2531		537025		1803
409		2539		538278		1799
410		2524		539526		1813
411		2540		540805		1809
412		2507		542055		1837
413		2503		543306		1840
414		2524		544547		1816
415		2510		545809		1799
416		2538		547076		1831
417		2505		548331		1790
418		2534		549578		1796
419		2544		550823		1783
420		2535		552096		1790
421		2540		553368		1816
422		2529		554619		1844
423		2480		555873		1830
424		2518		557096		1817
425		2528		558341		1796
426		2524		559618		1807
427		2577		560918		1807
428		2534		562212		1806
429		2520		563453		1810
430		2495		564690		1807
431		2492		565912		1798
432		2529		567149		1799
433		2538		568389		1809
434		2560		569694		1805
435		2571		570970		1795
436		2586		572306		1782
437		2560		573636		1814
438		2571		574931		1797
439		2574		576230		1785
440		2569		577517		1808
441		2590		578837		1819
442		2586		580156		1809
443		2568		581436		1792
444		2584		582735		1807
445		2598		584058		1817
446		2546		585375		1807
447		2578		586643		1814
448		2546		587946		1822
449		2561		589212		1798
450		2565		590504		1790
451		2575		591812		1799
452		2545		593094		1827
453		2580		594392		1826
454		2582		595702		1827
455		2581		597015		1805
456		2575		598319		1813
457		2591		599614		1795
458		2598		600912		1812
459		2566		602225		1824
460		2554		603498		1818
461		2574		604806		1838
462		2624		606112		1830
463		2540		607429		1831
464		2563		608719		1819
465		2553		610020		1779
466		2553		611298		1791
467		2574		612622		1849
468		2556		613931		1823
469		2571		615230		1821
470		2570		616548		1801
471		2581		617848		1792
472		2586		619156		1798
473		2582		620459		1816
474		2566		621765		1835
475		2599		623096		1818
476		2560		624398		1800
477		2549		625678		1792
478		2555		626944		1823
479		2572		628244		1767
480		2584		629570		1765
481		2572		630899		1804
482		2546		632194		1825
483		2548		633482		1810
484		2568		634773		1814
485		2552		636044		1784
486		2573		637332		1797
487		2550		638596		1791
488		2545		639862		1786
489		2512		641113		1789
490		2532		642338		1780
491		2542		643574		1799
492		2538		644833		1785
493		2570		646134		1795
494		2502		647362		1791
495		2472		648605		1792
496		2521		649856		1817
497		2564		651099		1831
498		2537		652390		1824
499		2569		653667		1834
500		2571		654975		1792
501		2562		656252		1811
502		2581		657580		1800
503		2572		658872		1795
504		2586		660210		1810
505		2550		661518		1780
506		2553		662814		1783
507		2564		664116		1810
508		2589		665442		1795
509		2562		666731		1821
510		2540		668034		1811
511		2529		669298		1809
512		2550		670567		1821
513		2530		671863		1802
514		2514		673146		1802
515		2535		674414		1818
516		2564		675697		1822
517		2546		676993		1818
518		2538		678292		1813
519		2517		679562		1799
520		2531		680808		1802
521		2504		682092		1809
522		2538		683313		1800
523		2540		684610		1800
524		2540		685886		1809
525		2572		687169		1782
526		2578		688510		1780
527		2596		689838		1788
528		2589		691187		1803
529		2542		692525		1818
530		2579		693812		1829
531		2572		695128		1824
532		2569		696430		1796
533		2581		697701		1814
534		2566		698988		1823
535		2585		700304		1821
536		2578		701595		1804
537		2572		702898		1820
538		2557		704198		1803
539		2565		705484		1797
540		2577		706788		1822
541		2545		708051		1793
542		2577		709359		1814
543		2544		710617		1823
544		2536		711886		1809
545		2556		713145		1830
546		2560		714435		1798
547		2557		715701		1800
548		2541		716993		1830
549		2557		718268		1828
550		2543		719527		1790
551		2524		720784		1780
552		2525		722065		1795
553		2510		723327		1822
554		2526		724592		1841
555		2576		725886		1827
556		2495		727148		1829
557		2573		728431		1834
558		2539		729724		1811
559		2539		730990		1822
560		2531		732261		1813
561		2517		733495		1806
562		2526		734760		1819
563		2502		735982		1789
564		2537		737254		1800
565		2557		738541		1786
566		2566		739856		1787
567		2532		741143		1786
568		2531		742409		1783
569		2538		743649		1768
570		2519		744899		1774
571		2493		746159		1780
572		2514		747421		1813
573		2530		748689		1811
574		2539		749971		1806
575		2540		751259		1808
576		2531		752489		1822
577		2477		753720		1807
578		2530		754962		1805
579		2530		756221		1806
580		2559		757484		1798
581		2532		758779		1790
582		2533		760058		1789
583		2524		761330		1816
584		2546		762601		1798
585		2521		763869		1801
586		2541		765142		1801
587		2546		766411		1811
588		2526		767667		1786
589		2527		768923		1807
590		2531		770189		1778
591		2506		771436		1808
592		2529		772703		1804
593		2515		773974		1795
594		2528		775227		1804
595		2508		776496		1813
596		2503		777744		1822
597		2531		778987		1826
598		2559		780280		1815
599		2497		781541		1810
600		2512		782789		1815
601		2527		784041		1816
602		2531		785305		1828
603		2552		786575		1812
604		2525		787860		1794
605		2524		789118		1806
606		2520		790398		1810
607		2547		791656		1795
608		2533		792928		1810
609		2528		794195		1813
610		2527		795454		1797
611		2552		796721		1798
612		2530		797976		1799
613		2513		799252		1800
614		2503		800504		1814
615		2525		801735		1821
616		2477		802995		1817
617		2447		804216		1811
618		2464		805463		1815
619		2451		806667		1802
620		2463		807905		1803
621		2459		809131		1817
622		2439		810303		1795
623		2452		811508		1820
624		2471		812715		1834
625		2460		813936		1838
626		2461		815134		1815
627		2448		816367		1803
628		2482		817581		1800
629		2499		818820		1808
630		2506		820089		1815
631		2492		821356		1832
632		2483		822607		1826
633		2476		823838		1826
634		2498		825091		1806
635		2478		826342		1796
636		2502		827590		1813
637		2496		828851		1802
638		2447		830077		1821
639		2495		831308		1797
640		2509		832547		1771
641		2493		833818		1793
642		2500		835071		1801
643		2484		836316		1818
644		2476		837557		1796
645		2451		838800		1781
646		2481		840054		1813
647		2484		841311		1806
648		2483		842578		1814
649		2517		843841		1818
650		2512		845147		1806
651		2508		846405		1826
652		2494		847668		1808
653		2500		848934		1811
654		2558		850212		1819
655		2553		851533		1815
656		2525		852845		1818
657		2518		854124		1799
658		2486		855408		1815
659		2483		856628		1810
660		2459		857885		1783
661		2462		859096		1788
662		2483		860322		1835
663		2507		861559		1830
664		2490		862818		1834
665		2498		864065		1798
666		2503		865312		1791
667		2456		866549		1800
668		2477		867801		1797
669		2499		869074		1779
670		2510		870288		1759
671		2487		871530		1798
672		2461		872752		1803
673		2471		873999		1812
674		2483		875212		1823
675		2486		876472		1801
676		2497		877706		1802
677		2496		878952		1813
678		2453		880169		1817
679		2459		881392		1834
680		2465		882619		1815
681		2490		883879		1820
682		2507		885127		1825
683		2504		886397		1802
684		2486		887655		1801
685		2520		888908		1814
686		2462		890153		1787
687		2466		891385		1769
688		2492		892635		1770
689		2462		893893		1782
690		2465		895124		1772
691		2470		896376		1800
692		2461		897624		1772
693		2464		898846		1823
694		2461		900077		1860
695		2462		901299		1846
696		2471		902513		1819
697		2487		903771		1817
698		2476		905013		1816
699		2452		906238		1818
700		2444		907448		1802
701		2438		908666		1830
702		2448		909878		1827
703		2467		911076		1827
704		2447		912300		1819
705		2469		913513		1800
706		2494		914745		1808
707		2518		916012		1836
708		2513		917268		1823
709		2479		918529		1790
710		2482		919771		1784
711		2462		921033		1777
712		2465		922265		1780
713		2462		923485		1791
714		2468		924736		1790
715		2434		925955		1811
716		2432		927179		1794
717		2455		928409		1802
718		2447		929611		1802
719		2440		930817		1809
720		2430		932031		1788
721		2426		933220		1802
722		2434		934428		1817
723		2450		935646		1819
724		2424		936849		1793
725		2432		938052		1774
726		2450		939262		1812
727		2476		940484		1755
728		2455		941677		1770
729		2483		942906		1794
730		2465		944165		1816
731		2494		945403		1809
732		2472		946652		1825
733		2486		947898		1828
734		2481		949135		1804
735		2483		950385		1816
736		2499		951627		1826
737		2517		952925		1836
738		2514		954198		1831
739		2470		955450		1834
740		2470		956696		1834
741		2494		957943		1800
742		2468		959188		1812
743		2514		960456		1813
744		2464		961652		1815
745		2464		962861		1810
746		2480		964113		1815
747		2430		965328		1810
748		2445		966519		1813
749		2448		967728		1802
750		2477		968942		1818
751		2479		970178		1811
752		2515		971441		1800
753		2426		972652		1823
754		2469		973864		1834
755		2496		975101		1838
756		2484		976313		1807
757		2470		977545		1830
758		2486		978792		1819
759		2474		980035		1827
760		2479		981264		1831
761		2488		982493		1817
762		2498		983737		1828
763		2489		984983		1810
764		2484		986222		1830
765		2483		987449		1824
766		2471		988677		1832
767		2437		989909		1845
768		2486		991153		1859
769		2481		992398		1860
770		2473		993639		1841
771		2480		994867		1834
772		2465		996099		1834
773		2462		997336		1814
774		2468		998534		1784
775		2494		999782		1803
776		2479		1001034		1814
777		2488		1002284		1811
778		2521		1003542		1807
779		2524		1004818		1814
780		2469		1006064		1828
781		2464		1007294		1817
782		2447		1008505		1805
783		2460		1009717		1806
784		2446		1010923		1802
785		2459		1012118		1791
786		2454		1013361		1825
787		2454		1014570		1833
788		2472		1015797		1824
789		2482		1017032		1824
790		2456		1018237		1822
791		2482		1019474		1815
792		2480		1020734		1779
793		2494		1021984		1823
794		2491		1023220		1815
795		2470		1024447		1797
796		2498		1025705		1816
797		2490		1026946		1847
798		2460		1028199		1817
799		2441		1029394		1774
800		2435		1030547		1780
801		2425		1031728		1809
802		2466		1032930		1793
803		2486		1034150		1812
804		2471		1035390		1787
805		2477		1036622		1800
806		2468		1037853		1805
807		2473		1039055		1809
808		2483		1040311		1841
809		2456		1041524		1830
810		2463		1042748		1821
811		2444		1043968		1811
812		2433		1045167		1816
813		2456		1046383		1797
814		2480		1047621		1809
815		2474		1048840		1810
816		2474		1050072		1826
817		2478		1051345		1820
818		2488		1052575		1808
819		2431		1053803		1814
820		2477		1055033		1821
821		2450		1056266		1831
822		2476		1057505		1801
823		2458		1058711		1812
824		2459		1059925		1814
825		2464		1061144		1813
826		2432		1062335		1804
827		2425		1063543		1803
828		2481		1064777		1809
829		2466		1066039		1793
830		2483		1067291		1804
831		2516		1068569		1819
832		2509		1069836		1816
833		2462		1071081		1834
834		2458		1072298		1818
835		2496		1073524		1784
836		2476		1074780		1806
837		2499		1076011		1813
838		2455		1077259		1820
839		2454		1078476		1815
840		2424		1079678		1836
841		2445		1080897		1854
842		2479		1082128		1838
843		2480		1083382		1830
844		2455		1084623		1832
845		2473		1085861		1842
846		2460		1087076		1805
847		2468		1088300		1828
848		2477		1089529		1817
849		2485		1090763		1833
850		2459		1091991		1818
851		2472		1093223		1815
852		2505		1094478		1832
853		2450		1095700		1820
854		2436		1096921		1802
855		2434		1098124		1795
856		2456		1099332		1767
857		2469		1100553		1794
858		2440		1101765		1786
859		2440		1102969		1813
860		2465		1104189		1833
861		2436		1105410		1825
862		2456		1106612		1833
863		2471		1107838		1823
864		2455		1109055		1822
865		2440		1110266		1809
866		2449		1111466		1824
867		2436		1112673		1826
868		2466		1113872		1815
869		2454		1115079		1811
870		2460		1116315		1806
871		2431		1117506		1817
872		2457		1118729		1794
873		2444		1119939		1812
874		2458		1121148		1808
875		2471		1122350		1806
876		2474		1123557		1803
877		2475		1124782		1806
878		2471		1126015		1802
879		2468		1127250		1798
880		2476		1128469		1827
881		2490		1129695		1812
882		2460		1130937		1798
883		2488		1132172		1788
884		2486		1133417		1802
885		2477		1134662		1825
886		2485		1135902		1819
887		2487		1137132		1807
888		2494		1138372		1828
889		2475		1139633		1795
890		2503		1140905		1785
891		2470		1142183		1822
892		2499		1143443		1819
893		2486		1144691		1808
894		2480		1145960		1805
895		2479		1147209		1791
896		2459		1148422		1790
897		2495		1149630		1771
898		2444		1150873		1817
899		2450		1152091		1823
900		2456		1153333		1813
901		2483		1154568		1824
902		2507		1155802		1794
903		2501		1157084		1801
904		2492		1158333		1793
905		2467		1159581		1802
906		2459		1160815		1810
907		2480		1162039		1808
908		2456		1163262		1819
909		2457		1164534		1804
910		2466		1165762		1821
911		2483		1167005		1798
912		2487		1168229		1801
913		2527		1169502		1790
914		2506		1170801		1776
915		2470		1172054		1789
916		2469		1173299		1788
917		2490		1174553		1790
918		2517		1175825		1817
919		2536		1177116		1790
920		2511		1178393		1814
921		2494		1179670		1812
922		2483		1180928		1820
923		2504		1182181		1808
924		2493		1183453		1807
925		2476		1184687		1814
926		2509		1185961		1799
927		2470		1187180		1794
928		2470		1188415		1793
929		2498		1189655		1810
930		2504		1190928		1812
931		2510		1192178		1818
932		2529		1193457		1800
933		2511		1194740		1793
934		2493		1195982		1824
935		2486		1197208		1829
936		2489		1198461		1805
937		2499		1199721		1791
938		2474		1200982		1815
939		2485		1202231		1823
940		2482		1203464		1811
941		2486		1204702		1804
942		2472		1205922		1802
943		2502		1207169		1815
944		2504		1208425		1817
945		2448		1209674		1821
946		2483		1210894		1803
947		2481		1212141		1833
948		2512		1213403		1794
949		2479		1214645		1815
950		2483		1215881		1812
951		2451		1217104		1814
952		2467		1218352		1809
953		2454		1219567		1808
954		2507		1220795		1827
955		2501		1222032		1808
956		2470		1223270		1838
957		2434		1224461		1825
958		2464		1225660		1807
959		2482		1226891		1828
960		2484		1228130		1820
961		2460		1229348		1835
962		2479		1230593		1838
963		2484		1231817		1802
964		2502		1233064		1829
965		2482		1234303		1832
966		2473		1235523		1804
967		2489		1236746		1800
968		2475		1238011		1815
969		2477		1239228		1816
970		2474		1240471		1790
971		2504		1241702		1813
972		2501		1242979		1820
973		2499		1244239		1798
974		2490		1245460		1798
975		2477		1246714		1814
976		2473		1247943		1789
977		2489		1249160		1809
978		2509		1250409		1813
979		2453		1251646		1802
980		2490		1252894		1794
981		2470		1254116		1787
982		2467		1255326		1806
983		2469		1256553		1810
984		2503		1257796		1799
985		2524		1259089		1785
986		2507		1260376		1822
987		2497		1261631		1822
988		2517		1262882		1811
989		2502		1264154		1782
990		2517		1265423		1789
991		2499		1266701		1793
992		2480		1267959		1800
993		2491		1269224		1774
994		2487		1270436		1785
995		2524		1271733		1787
996		2516		1273007		1807
997		2487		1274249		1815
998		2522		1275510		1835
999		2556		1276810		1820
