# Migration is number of nodes that have changed color.

Round		Edge-Cut		Swaps		Migrations		Skipped
0		7992		3956		3091
1		6593		6751		3163
2		5601		8790		3172
3		4856		10359		3200
4		4329		11579		3190
5		4005		12557		3178
6		3662		13367		3212
7		3457		14045		3232
8		3261		14712		3275
9		3066		15213		3277
10		2970		15650		3285
11		2878		16034		3304
12		2786		16402		3301
13		2697		16745		3295
14		2614		17033		3292
15		2566		17295		3281
16		2513		17539		3286
17		2484		17738		3277
18		2439		17975		3267
19		2375		18160		3278
20		2305		18318		3272
21		2268		18465		3264
22		2218		18592		3265
23		2189		18678		3270
24		2182		18753		3276
25		2167		18837		3273
26		2152		18906		3273
27		2139		18967		3275
28		2116		19045		3278
29		2097		19101		3280
30		2084		19167		3283
31		2068		19213		3281
32		2059		19269		3281
33		2050		19316		3286
34		2061		19385		3287
35		2054		19437		3290
36		2054		19492		3291
37		2031		19547		3296
38		2022		19593		3295
39		2012		19652		3296
40		2007		19704		3307
41		2008		19759		3301
42		2006		19814		3309
43		1995		19868		3307
44		1984		19897		3310
45		1976		19936		3305
46		1979		19974		3303
47		1968		20004		3310
48		1960		20033		3315
49		1962		20064		3317
50		1952		20095		3320
51		1948		20137		3319
52		1944		20173		3316
53		1943		20206		3324
54		1934		20228		3318
55		1929		20262		3318
56		1921		20290		3324
57		1910		20328		3323
58		1907		20351		3320
59		1901		20367		3318
60		1899		20381		3316
61		1895		20397		3317
62		1892		20418		3318
63		1899		20442		3316
64		1897		20461		3315
65		1885		20494		3323
66		1871		20519		3322
67		1873		20542		3319
68		1858		20561		3318
69		1855		20581		3318
70		1852		20593		3315
71		1853		20596		3316
72		1853		20602		3318
73		1851		20613		3317
74		1853		20623		3316
75		1849		20635		3314
76		1851		20641		3317
77		1851		20654		3316
78		1849		20661		3314
79		1850		20669		3317
80		1847		20675		3316
81		1845		20678		3317
82		1843		20681		3318
83		1845		20690		3317
84		1842		20696		3317
85		1842		20700		3318
86		1842		20717		3320
87		1843		20740		3318
88		1838		20759		3314
89		1835		20769		3314
90		1833		20787		3311
91		1835		20802		3314
92		1832		20818		3315
93		1829		20828		3320
94		1828		20832		3321
95		1829		20837		3321
96		1828		20840		3321
97		1829		20844		3322
98		1826		20850		3322
99		1824		20853		3324
100		1824		20853		3324
101		1824		20853		3324
102		1823		20855		3324
103		1825		20859		3323
104		1826		20863		3322
105		1824		20870		3323
106		1822		20876		3322
107		1821		20894		3320
108		1820		20898		3320
109		1819		20900		3323
110		1819		20908		3320
111		1817		20917		3320
112		1815		20921		3321
113		1815		20927		3321
114		1815		20931		3321
115		1816		20937		3319
116		1815		20941		3320
117		1814		20947		3318
118		1814		20950		3317
119		1810		20959		3319
120		1809		20964		3318
121		1808		20967		3317
122		1810		20971		3317
123		1808		20976		3317
124		1803		20982		3318
125		1802		20987		3317
126		1802		20991		3316
127		1802		20992		3316
128		1802		20993		3317
129		1802		20995		3316
130		1802		20996		3315
131		1802		20998		3315
132		1802		21001		3315
133		1800		21004		3316
134		1800		21006		3316
135		1799		21007		3314
136		1799		21009		3314
137		1800		21010		3316
138		1799		21012		3316
139		1799		21012		3316
140		1799		21012		3316
141		1799		21012		3316
142		1799		21012		3316
143		1799		21012		3316
144		1799		21012		3316
145		1799		21012		3316
146		1799		21012		3316
147		1799		21012		3316
148		1799		21012		3316
149		1799		21012		3316
150		1799		21012		3316
151		1799		21012		3316
152		1799		21012		3316
153		1799		21012		3316
154		1799		21012		3316
155		1799		21012		3316
156		1799		21012		3316
157		1799		21012		3316
158		1799		21012		3316
159		1799		21012		3316
160		1799		21012		3316
161		1799		21012		3316
162		1799		21012		3316
163		1799		21012		3316
164		1799		21012		3316
165		1799		21012		3316
166		1799		21012		3316
167		1799		21012		3316
168		1799		21012		3316
169		1799		21012		3316
170		1799		21012		3316
171		1799		21012		3316
172		1799		21012		3316
173		1799		21012		3316
174		1799		21012		3316
175		1799		21012		3316
176		1799		21012		3316
177		1799		21012		3316
178		1799		21012		3316
179		1799		21012		3316
180		1799		21012		3316
181		1799		21012		3316
182		1799		21012		3316
183		1799		21012		3316
184		1799		21012		3316
185		1799		21012		3316
186		1799		21012		3316
187		1799		21012		3316
188		1799		21012		3316
189		1799		21012		3316
190		1799		21012		3316
191		1799		21012		3316
192		1799		21012		3316
193		1799		21012		3316
194		1799		21012		3316
195		1799		21012		3316
196		1799		21012		3316
197		1799		21012		3316
198		1799		21012		3316
199		1799		21012		3316
200		1799		21012		3316
201		1799		21012		3316
202		1799		21012		3316
203		1799		21012		3316
204		1799		21012		3316
205		1799		21012		3316
206		1799		21012		3316
207		1799		21012		3316
208		1799		21012		3316
209		1799		21012		3316
210		1799		21012		3316
211		1799		21012		3316
212		1799		21012		3316
213		1799		21012		3316
214		1799		21012		3316
215		1799		21012		3316
216		1799		21012		3316
217		1799		21012		3316
218		1799		21012		3316
219		1799		21012		3316
220		1799		21012		3316
221		1799		21012		3316
222		1799		21012		3316
223		1799		21012		3316
224		1799		21012		3316
225		1799		21012		3316
226		1799		21012		3316
227		1799		21012		3316
228		1799		21012		3316
229		1799		21012		3316
230		1799		21012		3316
231		1799		21012		3316
232		1799		21012		3316
233		1799		21012		3316
234		1799		21012		3316
235		1799		21012		3316
236		1799		21012		3316
237		1799		21012		3316
238		1799		21012		3316
239		1799		21012		3316
240		1799		21012		3316
241		1799		21012		3316
242		1799		21012		3316
243		1799		21012		3316
244		1799		21012		3316
245		1799		21012		3316
246		1799		21012		3316
247		1799		21012		3316
248		1799		21012		3316
249		1799		21012		3316
250		1799		21012		3316
251		1799		21012		3316
252		1799		21012		3316
253		1799		21012		3316
254		1799		21012		3316
255		1799		21012		3316
256		1799		21012		3316
257		1799		21012		3316
258		1799		21012		3316
259		1799		21012		3316
260		1799		21012		3316
261		1799		21012		3316
262		1799		21012		3316
263		1799		21012		3316
264		1799		21012		3316
265		1799		21012		3316
266		1799		21012		3316
267		1799		21012		3316
268		1799		21012		3316
269		1799		21012		3316
270		1799		21012		3316
271		1799		21012		3316
272		1799		21012		3316
273		1799		21012		3316
274		1799		21012		3316
275		1799		21012		3316
276		1799		21012		3316
277		1799		21012		3316
278		1799		21012		3316
279		1799		21012		3316
280		1799		21012		3316
281		1799		21012		3316
282		1799		21012		3316
283		1799		21012		3316
284		1799		21012		3316
285		1799		21012		3316
286		1799		21012		3316
287		1799		21012		3316
288		1799		21012		3316
289		1799		21012		3316
290		1799		21012		3316
291		1799		21012		3316
292		1799		21012		3316
293		1799		21012		3316
294		1799		21012		3316
295		1799		21012		3316
296		1799		21012		3316
297		1799		21012		3316
298		1799		21012		3316
299		1799		21012		3316
300		1799		21012		3316
301		1799		21012		3316
302		1799		21012		3316
303		1799		21012		3316
304		1799		21012		3316
305		1799		21012		3316
306		1799		21012		3316
307		1799		21012		3316
308		1799		21012		3316
309		1799		21012		3316
310		1799		21012		3316
311		1799		21012		3316
312		1799		21012		3316
313		1799		21012		3316
314		1799		21012		3316
315		1799		21012		3316
316		1799		21012		3316
317		1799		21012		3316
318		1799		21012		3316
319		1799		21012		3316
320		1799		21012		3316
321		1799		21012		3316
322		1799		21012		3316
323		1799		21012		3316
324		1799		21012		3316
325		1799		21012		3316
326		1799		21012		3316
327		1799		21012		3316
328		1799		21012		3316
329		1799		21012		3316
330		1799		21012		3316
331		1799		21012		3316
332		1799		21012		3316
333		1799		21012		3316
334		1799		21012		3316
335		1799		21012		3316
336		1799		21012		3316
337		1799		21012		3316
338		1799		21012		3316
339		1799		21012		3316
340		1799		21012		3316
341		1799		21012		3316
342		1799		21012		3316
343		1799		21012		3316
344		1799		21012		3316
345		1799		21012		3316
346		1799		21012		3316
347		1799		21012		3316
348		1799		21012		3316
349		1799		21012		3316
350		1799		21012		3316
351		1799		21012		3316
352		1799		21012		3316
353		1799		21012		3316
354		1799		21012		3316
355		1799		21012		3316
356		1799		21012		3316
357		1799		21012		3316
358		1799		21012		3316
359		1799		21012		3316
360		1799		21012		3316
361		1799		21012		3316
362		1799		21012		3316
363		1799		21012		3316
364		1799		21012		3316
365		1799		21012		3316
366		1799		21012		3316
367		1799		21012		3316
368		1799		21012		3316
369		1799		21012		3316
370		1799		21012		3316
371		1799		21012		3316
372		1799		21012		3316
373		1799		21012		3316
374		1799		21012		3316
375		1799		21012		3316
376		1799		21012		3316
377		1799		21012		3316
378		1799		21012		3316
379		1799		21012		3316
380		1799		21012		3316
381		1799		21012		3316
382		1799		21012		3316
383		1799		21012		3316
384		1799		21012		3316
385		1799		21012		3316
386		1799		21012		3316
387		1799		21012		3316
388		1799		21012		3316
389		1799		21012		3316
390		1799		21012		3316
391		1799		21012		3316
392		1799		21012		3316
393		1799		21012		3316
394		1799		21012		3316
395		1799		21012		3316
396		1799		21012		3316
397		1799		21012		3316
398		1799		21012		3316
399		1799		21012		3316
400		1803		21015		3317
401		1801		21016		3317
402		1802		21017		3316
403		1800		21018		3316
404		1800		21018		3316
405		1800		21018		3316
406		1800		21018		3316
407		1800		21018		3316
408		1800		21018		3316
409		1800		21018		3316
410		1800		21018		3316
411		1800		21018		3316
412		1800		21018		3316
413		1800		21018		3316
414		1800		21018		3316
415		1800		21018		3316
416		1800		21018		3316
417		1800		21018		3316
418		1800		21018		3316
419		1800		21018		3316
420		1799		21020		3316
421		1799		21020		3316
422		1799		21020		3316
423		1799		21020		3316
424		1799		21020		3316
425		1799		21020		3316
426		1799		21020		3316
427		1799		21020		3316
428		1799		21020		3316
429		1799		21020		3316
430		1799		21020		3316
431		1799		21020		3316
432		1799		21020		3316
433		1799		21020		3316
434		1799		21020		3316
435		1799		21020		3316
436		1799		21020		3316
437		1799		21020		3316
438		1799		21020		3316
439		1799		21020		3316
440		1799		21020		3316
441		1799		21020		3316
442		1799		21020		3316
443		1799		21020		3316
444		1799		21020		3316
445		1799		21020		3316
446		1799		21020		3316
447		1799		21020		3316
448		1799		21020		3316
449		1799		21020		3316
450		1799		21020		3316
451		1799		21020		3316
452		1799		21020		3316
453		1799		21020		3316
454		1799		21020		3316
455		1799		21020		3316
456		1799		21020		3316
457		1799		21020		3316
458		1799		21020		3316
459		1799		21020		3316
460		1799		21020		3316
461		1799		21020		3316
462		1799		21020		3316
463		1799		21020		3316
464		1799		21020		3316
465		1799		21020		3316
466		1799		21020		3316
467		1799		21020		3316
468		1799		21020		3316
469		1799		21020		3316
470		1799		21020		3316
471		1799		21020		3316
472		1799		21020		3316
473		1799		21020		3316
474		1799		21020		3316
475		1799		21020		3316
476		1799		21020		3316
477		1799		21020		3316
478		1799		21020		3316
479		1799		21020		3316
480		1799		21020		3316
481		1799		21020		3316
482		1799		21020		3316
483		1799		21020		3316
484		1799		21020		3316
485		1799		21020		3316
486		1799		21020		3316
487		1799		21020		3316
488		1799		21020		3316
489		1799		21020		3316
490		1799		21020		3316
491		1799		21020		3316
492		1799		21020		3316
493		1799		21020		3316
494		1799		21020		3316
495		1799		21020		3316
496		1799		21020		3316
497		1799		21020		3316
498		1799		21020		3316
499		1799		21020		3316
500		1799		21020		3316
501		1799		21020		3316
502		1799		21020		3316
503		1799		21020		3316
504		1799		21020		3316
505		1799		21020		3316
506		1799		21020		3316
507		1799		21020		3316
508		1799		21020		3316
509		1799		21020		3316
510		1799		21020		3316
511		1799		21020		3316
512		1799		21020		3316
513		1799		21020		3316
514		1799		21020		3316
515		1799		21020		3316
516		1799		21020		3316
517		1799		21020		3316
518		1799		21020		3316
519		1799		21020		3316
520		1799		21020		3316
521		1799		21020		3316
522		1799		21020		3316
523		1799		21020		3316
524		1799		21020		3316
525		1799		21020		3316
526		1799		21020		3316
527		1799		21020		3316
528		1799		21020		3316
529		1799		21020		3316
530		1799		21020		3316
531		1799		21020		3316
532		1799		21020		3316
533		1799		21020		3316
534		1799		21020		3316
535		1799		21020		3316
536		1799		21020		3316
537		1799		21020		3316
538		1799		21020		3316
539		1799		21020		3316
540		1799		21020		3316
541		1799		21020		3316
542		1799		21020		3316
543		1799		21020		3316
544		1799		21020		3316
545		1799		21020		3316
546		1799		21020		3316
547		1799		21020		3316
548		1799		21020		3316
549		1799		21020		3316
550		1799		21020		3316
551		1799		21020		3316
552		1799		21020		3316
553		1799		21020		3316
554		1799		21020		3316
555		1799		21020		3316
556		1799		21020		3316
557		1799		21020		3316
558		1799		21020		3316
559		1799		21020		3316
560		1799		21020		3316
561		1799		21020		3316
562		1799		21020		3316
563		1799		21020		3316
564		1799		21020		3316
565		1799		21020		3316
566		1799		21020		3316
567		1799		21020		3316
568		1799		21020		3316
569		1799		21020		3316
570		1799		21020		3316
571		1799		21020		3316
572		1799		21020		3316
573		1799		21020		3316
574		1799		21020		3316
575		1799		21020		3316
576		1799		21020		3316
577		1799		21020		3316
578		1799		21020		3316
579		1799		21020		3316
580		1799		21020		3316
581		1799		21020		3316
582		1799		21020		3316
583		1799		21020		3316
584		1799		21020		3316
585		1799		21020		3316
586		1799		21020		3316
587		1799		21020		3316
588		1799		21020		3316
589		1799		21020		3316
590		1799		21020		3316
591		1799		21020		3316
592		1799		21020		3316
593		1799		21020		3316
594		1799		21020		3316
595		1799		21020		3316
596		1799		21020		3316
597		1799		21020		3316
598		1799		21020		3316
599		1799		21020		3316
600		1799		21020		3316
601		1799		21020		3316
602		1799		21020		3316
603		1799		21020		3316
604		1799		21020		3316
605		1799		21020		3316
606		1799		21020		3316
607		1799		21020		3316
608		1799		21020		3316
609		1799		21020		3316
610		1799		21020		3316
611		1799		21020		3316
612		1799		21020		3316
613		1799		21020		3316
614		1799		21020		3316
615		1799		21020		3316
616		1799		21020		3316
617		1799		21020		3316
618		1799		21020		3316
619		1799		21020		3316
620		1799		21020		3316
621		1799		21020		3316
622		1799		21020		3316
623		1799		21020		3316
624		1799		21020		3316
625		1799		21020		3316
626		1799		21020		3316
627		1799		21020		3316
628		1799		21020		3316
629		1799		21020		3316
630		1799		21020		3316
631		1799		21020		3316
632		1799		21020		3316
633		1799		21020		3316
634		1799		21020		3316
635		1799		21020		3316
636		1799		21020		3316
637		1799		21020		3316
638		1799		21020		3316
639		1799		21020		3316
640		1799		21020		3316
641		1799		21020		3316
642		1799		21020		3316
643		1799		21020		3316
644		1799		21020		3316
645		1799		21020		3316
646		1799		21020		3316
647		1799		21020		3316
648		1799		21020		3316
649		1799		21020		3316
650		1799		21020		3316
651		1799		21020		3316
652		1799		21020		3316
653		1799		21020		3316
654		1799		21020		3316
655		1799		21020		3316
656		1799		21020		3316
657		1799		21020		3316
658		1799		21020		3316
659		1799		21020		3316
660		1799		21020		3316
661		1799		21020		3316
662		1799		21020		3316
663		1799		21020		3316
664		1799		21020		3316
665		1799		21020		3316
666		1799		21020		3316
667		1799		21020		3316
668		1799		21020		3316
669		1799		21020		3316
670		1799		21020		3316
671		1799		21020		3316
672		1799		21020		3316
673		1799		21020		3316
674		1799		21020		3316
675		1799		21020		3316
676		1799		21020		3316
677		1799		21020		3316
678		1799		21020		3316
679		1799		21020		3316
680		1799		21020		3316
681		1799		21020		3316
682		1799		21020		3316
683		1799		21020		3316
684		1799		21020		3316
685		1799		21020		3316
686		1799		21020		3316
687		1799		21020		3316
688		1799		21020		3316
689		1799		21020		3316
690		1799		21020		3316
691		1799		21020		3316
692		1799		21020		3316
693		1799		21020		3316
694		1799		21020		3316
695		1799		21020		3316
696		1799		21020		3316
697		1799		21020		3316
698		1799		21020		3316
699		1799		21020		3316
700		1799		21020		3316
701		1799		21020		3316
702		1799		21020		3316
703		1799		21020		3316
704		1799		21020		3316
705		1799		21020		3316
706		1799		21020		3316
707		1799		21020		3316
708		1799		21020		3316
709		1799		21020		3316
710		1799		21020		3316
711		1799		21020		3316
712		1799		21020		3316
713		1799		21020		3316
714		1799		21020		3316
715		1799		21020		3316
716		1799		21020		3316
717		1799		21020		3316
718		1799		21020		3316
719		1799		21020		3316
720		1799		21020		3316
721		1799		21020		3316
722		1799		21020		3316
723		1799		21020		3316
724		1799		21020		3316
725		1799		21020		3316
726		1799		21020		3316
727		1799		21020		3316
728		1799		21020		3316
729		1799		21020		3316
730		1799		21020		3316
731		1799		21020		3316
732		1799		21020		3316
733		1799		21020		3316
734		1799		21020		3316
735		1799		21020		3316
736		1799		21020		3316
737		1799		21020		3316
738		1799		21020		3316
739		1799		21020		3316
740		1799		21020		3316
741		1799		21020		3316
742		1799		21020		3316
743		1799		21020		3316
744		1799		21020		3316
745		1799		21020		3316
746		1799		21020		3316
747		1799		21020		3316
748		1799		21020		3316
749		1799		21020		3316
750		1799		21020		3316
751		1799		21020		3316
752		1799		21020		3316
753		1799		21020		3316
754		1799		21020		3316
755		1799		21020		3316
756		1799		21020		3316
757		1799		21020		3316
758		1799		21020		3316
759		1799		21020		3316
760		1799		21020		3316
761		1799		21020		3316
762		1799		21020		3316
763		1799		21020		3316
764		1799		21020		3316
765		1799		21020		3316
766		1799		21020		3316
767		1799		21020		3316
768		1799		21020		3316
769		1799		21020		3316
770		1799		21020		3316
771		1799		21020		3316
772		1799		21020		3316
773		1799		21020		3316
774		1799		21020		3316
775		1799		21020		3316
776		1799		21020		3316
777		1799		21020		3316
778		1799		21020		3316
779		1799		21020		3316
780		1799		21020		3316
781		1799		21020		3316
782		1799		21020		3316
783		1799		21020		3316
784		1799		21020		3316
785		1799		21020		3316
786		1799		21020		3316
787		1799		21020		3316
788		1799		21020		3316
789		1799		21020		3316
790		1799		21020		3316
791		1799		21020		3316
792		1799		21020		3316
793		1799		21020		3316
794		1799		21020		3316
795		1799		21020		3316
796		1799		21020		3316
797		1799		21020		3316
798		1799		21020		3316
799		1799		21020		3316
800		1803		21022		3314
801		1803		21027		3315
802		1802		21029		3316
803		1800		21035		3317
804		1799		21038		3317
805		1800		21047		3317
806		1801		21057		3317
807		1794		21072		3323
808		1796		21087		3324
809		1791		21096		3326
810		1782		21108		3329
811		1783		21116		3328
812		1785		21121		3330
813		1782		21131		3328
814		1786		21139		3328
815		1783		21153		3329
816		1783		21169		3330
817		1784		21179		3327
818		1778		21195		3327
819		1774		21208		3326
820		1777		21230		3327
821		1778		21249		3328
822		1776		21265		3331
823		1774		21297		3333
824		1773		21315		3330
825		1770		21329		3334
826		1766		21336		3336
827		1766		21342		3335
828		1766		21347		3335
829		1765		21355		3337
830		1764		21360		3335
831		1764		21369		3335
832		1762		21374		3336
833		1760		21378		3335
834		1759		21382		3334
835		1760		21385		3337
836		1760		21388		3337
837		1760		21394		3337
838		1758		21395		3337
839		1757		21399		3340
840		1760		21403		3338
841		1762		21413		3339
842		1759		21423		3337
843		1757		21426		3339
844		1757		21427		3340
845		1756		21431		3340
846		1754		21432		3338
847		1754		21432		3338
848		1754		21432		3338
849		1754		21432		3338
850		1754		21432		3338
851		1754		21432		3338
852		1754		21432		3338
853		1754		21432		3338
854		1754		21432		3338
855		1754		21432		3338
856		1754		21432		3338
857		1754		21432		3338
858		1754		21432		3338
859		1754		21432		3338
860		1754		21432		3338
861		1754		21432		3338
862		1754		21432		3338
863		1754		21432		3338
864		1754		21432		3338
865		1754		21432		3338
866		1754		21432		3338
867		1754		21432		3338
868		1754		21432		3338
869		1754		21432		3338
870		1754		21432		3338
871		1754		21432		3338
872		1754		21432		3338
873		1754		21432		3338
874		1754		21432		3338
875		1754		21432		3338
876		1754		21432		3338
877		1754		21432		3338
878		1754		21432		3338
879		1754		21432		3338
880		1754		21432		3338
881		1754		21432		3338
882		1754		21432		3338
883		1754		21432		3338
884		1754		21432		3338
885		1754		21432		3338
886		1754		21432		3338
887		1754		21432		3338
888		1754		21432		3338
889		1754		21432		3338
890		1754		21432		3338
891		1754		21432		3338
892		1754		21432		3338
893		1754		21432		3338
894		1754		21432		3338
895		1754		21432		3338
896		1754		21432		3338
897		1754		21432		3338
898		1754		21432		3338
899		1754		21432		3338
900		1754		21432		3338
901		1754		21432		3338
902		1754		21432		3338
903		1754		21432		3338
904		1754		21432		3338
905		1754		21432		3338
906		1754		21432		3338
907		1754		21432		3338
908		1754		21432		3338
909		1754		21432		3338
910		1754		21432		3338
911		1754		21432		3338
912		1754		21432		3338
913		1754		21432		3338
914		1754		21432		3338
915		1754		21432		3338
916		1754		21432		3338
917		1754		21432		3338
918		1754		21432		3338
919		1754		21432		3338
920		1754		21432		3338
921		1754		21432		3338
922		1754		21432		3338
923		1754		21432		3338
924		1754		21432		3338
925		1754		21432		3338
926		1754		21432		3338
927		1754		21432		3338
928		1754		21432		3338
929		1754		21432		3338
930		1754		21432		3338
931		1754		21432		3338
932		1754		21432		3338
933		1754		21432		3338
934		1754		21432		3338
935		1754		21432		3338
936		1754		21432		3338
937		1754		21432		3338
938		1754		21432		3338
939		1754		21432		3338
940		1754		21432		3338
941		1754		21432		3338
942		1754		21432		3338
943		1754		21432		3338
944		1754		21432		3338
945		1754		21432		3338
946		1754		21432		3338
947		1754		21432		3338
948		1754		21432		3338
949		1754		21432		3338
950		1754		21432		3338
951		1754		21432		3338
952		1754		21432		3338
953		1754		21432		3338
954		1754		21432		3338
955		1754		21432		3338
956		1754		21432		3338
957		1754		21432		3338
958		1754		21432		3338
959		1754		21432		3338
960		1754		21432		3338
961		1754		21432		3338
962		1754		21432		3338
963		1754		21432		3338
964		1754		21432		3338
965		1754		21432		3338
966		1754		21432		3338
967		1754		21432		3338
968		1754		21432		3338
969		1754		21432		3338
970		1754		21432		3338
971		1754		21432		3338
972		1754		21432		3338
973		1754		21432		3338
974		1754		21432		3338
975		1754		21432		3338
976		1754		21432		3338
977		1754		21432		3338
978		1754		21432		3338
979		1754		21432		3338
980		1754		21432		3338
981		1754		21432		3338
982		1754		21432		3338
983		1754		21432		3338
984		1754		21432		3338
985		1754		21432		3338
986		1754		21432		3338
987		1754		21432		3338
988		1754		21432		3338
989		1754		21432		3338
990		1754		21432		3338
991		1754		21432		3338
992		1754		21432		3338
993		1754		21432		3338
994		1754		21432		3338
995		1754		21432		3338
996		1754		21432		3338
997		1754		21432		3338
998		1754		21432		3338
999		1754		21432		3338
